日期,开盘,收盘,最高,最低,成交量,成交额,振幅,涨跌幅,涨跌额,换手率
2022-10-26,0.993,0.998,1.001,0.974,3269181,323770416.0,2.7,-0.1,-0.001,179.14
2022-10-27,1.001,0.981,1.007,0.979,2577001,257531431.0,2.81,-1.7,-0.017,141.21
2022-10-28,0.973,0.954,0.983,0.949,417866,40266478.0,3.47,-2.75,-0.027,22.9
2022-10-31,0.954,0.982,0.991,0.942,480758,47075358.0,5.14,2.94,0.028,26.34
2022-11-01,0.982,0.995,1.002,0.975,472733,47048288.0,2.75,1.32,0.013,25.9
2022-11-02,0.99,1.007,1.016,0.99,1031404,103758265.0,2.61,1.21,0.012,56.52
2022-11-03,1.002,1.025,1.027,0.998,487479,49742609.0,2.88,1.79,0.018,26.71
2022-11-04,1.024,1.052,1.052,1.023,476862,49700985.0,2.83,2.63,0.027,26.13
2022-11-07,1.051,1.044,1.06,1.038,307311,32165593.0,2.09,-0.76,-0.008,16.84
2022-11-08,1.039,1.036,1.054,1.029,268444,27875773.0,2.39,-0.77,-0.008,14.71
2022-11-09,1.036,1.035,1.048,1.03,447205,46436113.0,1.74,-0.1,-0.001,24.5
2022-11-10,1.035,1.005,1.035,1.004,339556,34435196.0,3.0,-2.9,-0.03,18.61
2022-11-11,1.023,1.013,1.039,1.011,198007,20183275.0,2.79,0.8,0.008,10.85
2022-11-14,1.011,1.008,1.023,0.999,195426,19700906.0,2.37,-0.49,-0.005,10.71
2022-11-15,1.006,1.041,1.041,0.999,262957,26965394.0,4.17,3.27,0.033,14.41
2022-11-16,1.037,1.022,1.039,1.017,119830,12283984.0,2.11,-1.83,-0.019,6.57
2022-11-17,1.015,1.014,1.015,0.994,179554,18017315.0,2.05,-0.78,-0.008,9.84
2022-11-18,1.014,1.005,1.023,1.002,254089,25673447.0,2.07,-0.89,-0.009,13.92
2022-11-21,1.007,1.017,1.018,0.997,185642,18733380.0,2.09,1.19,0.012,10.17
2022-11-22,1.013,1.003,1.015,1.0,210217,21127983.0,1.47,-1.38,-0.014,11.52
2022-11-23,1.003,1.003,1.007,0.977,273096,27065771.0,2.99,0.0,0.0,14.96
2022-11-24,1.005,1.008,1.017,1.001,210144,21208521.0,1.6,0.5,0.005,11.51
2022-11-25,1.01,0.986,1.01,0.985,192538,19104288.0,2.48,-2.18,-0.022,10.55
2022-11-28,0.978,0.976,0.98,0.96,223882,21809674.0,2.03,-1.01,-0.01,12.27
2022-11-29,0.98,0.98,0.984,0.968,192387,18845783.0,1.64,0.41,0.004,10.54
2022-11-30,0.98,0.979,0.99,0.977,233793,22997286.0,1.33,-0.1,-0.001,12.81
2022-12-01,0.988,1.001,1.011,0.988,262762,26379135.0,2.35,2.25,0.022,14.4
2022-12-02,1.0,1.004,1.018,1.0,205613,20696285.0,1.8,0.3,0.003,11.27
2022-12-05,1.02,1.0,1.02,0.995,208791,20839520.0,2.49,-0.4,-0.004,11.44
2022-12-06,0.994,1.009,1.016,0.99,187628,18911641.0,2.6,0.9,0.009,10.28
2022-12-07,1.005,1.015,1.025,1.001,160231,16310127.0,2.38,0.59,0.006,8.78
2022-12-08,1.01,1.005,1.018,1.003,147184,14864655.0,1.48,-0.99,-0.01,8.07
2022-12-09,1.001,0.995,1.008,0.994,197500,19695811.0,1.39,-1.0,-0.01,10.82
2022-12-12,0.994,0.995,1.002,0.981,159840,15886885.0,2.11,0.0,0.0,8.76
2022-12-13,0.996,0.976,0.998,0.975,147249,14441644.0,2.31,-1.91,-0.019,8.07
2022-12-14,0.981,0.97,0.987,0.969,133234,12989303.0,1.84,-0.61,-0.006,7.3
2022-12-15,0.971,0.977,0.978,0.963,154898,15064694.0,1.55,0.72,0.007,8.49
2022-12-16,0.953,0.951,0.98,0.948,167562,15978871.0,3.28,-2.66,-0.026,9.18
2022-12-19,0.949,0.943,0.962,0.94,133045,12575199.0,2.31,-0.84,-0.008,7.29
2022-12-20,0.935,0.935,0.943,0.931,97989,9158097.0,1.27,-0.85,-0.008,5.37
2022-12-21,0.933,0.917,0.933,0.915,117793,10848032.0,1.93,-1.93,-0.018,6.45
2022-12-22,0.923,0.893,0.923,0.891,139921,12632158.0,3.49,-2.62,-0.024,7.67
2022-12-23,0.892,0.88,0.892,0.874,129150,11368837.0,2.02,-1.46,-0.013,7.08
2022-12-26,0.885,0.917,0.917,0.885,169312,15313205.0,3.64,4.2,0.037,9.28
2022-12-27,0.92,0.929,0.93,0.913,179369,16553679.0,1.85,1.31,0.012,9.83
2022-12-28,0.929,0.919,0.929,0.916,106612,9802652.0,1.4,-1.08,-0.01,5.84
2022-12-29,0.917,0.921,0.929,0.917,153771,14206461.0,1.31,0.22,0.002,8.43
2022-12-30,0.921,0.911,0.929,0.911,224796,20585202.0,1.95,-1.09,-0.01,12.32
2023-01-03,0.91,0.936,0.938,0.906,108105,9928358.0,3.51,2.74,0.025,5.92
2023-01-04,0.936,0.927,0.937,0.921,214359,19834886.0,1.71,-0.96,-0.009,11.75
2023-01-05,0.927,0.944,0.946,0.926,162071,15231414.0,2.16,1.83,0.017,8.88
2023-01-06,0.943,0.958,0.969,0.943,211598,20323721.0,2.75,1.48,0.014,11.59
2023-01-09,0.961,0.957,0.969,0.954,132664,12720159.0,1.57,-0.1,-0.001,7.27
2023-01-10,0.957,0.955,0.959,0.95,214331,20434528.0,0.94,-0.21,-0.002,11.74
2023-01-11,0.96,0.941,0.96,0.938,187846,17801426.0,2.3,-1.47,-0.014,10.29
2023-01-12,0.946,0.947,0.957,0.945,104389,9903179.0,1.28,0.64,0.006,5.72
2023-01-13,0.95,0.939,0.95,0.932,123194,11564515.0,1.9,-0.84,-0.008,6.75
2023-01-16,0.938,0.958,0.964,0.937,166733,15950654.0,2.88,2.02,0.019,9.14
2023-01-17,0.963,0.966,0.98,0.96,83561,8082942.0,2.09,0.84,0.008,4.58
2023-01-18,0.972,0.97,0.974,0.965,47801,4632313.0,0.93,0.41,0.004,2.62
2023-01-19,0.961,0.979,0.98,0.96,108460,10572019.0,2.06,0.93,0.009,5.94
2023-01-20,0.983,0.982,0.987,0.978,78354,7696270.0,0.92,0.31,0.003,4.29
2023-01-30,0.982,0.996,1.007,0.982,180365,18074778.0,2.55,1.43,0.014,9.88
2023-01-31,0.991,0.997,0.999,0.989,151733,15116715.0,1.0,0.1,0.001,8.31
2023-02-01,1.005,1.013,1.014,1.001,235027,23741428.0,1.3,1.6,0.016,12.88
2023-02-02,1.013,1.016,1.024,1.012,176018,17900167.0,1.18,0.3,0.003,9.65
2023-02-03,1.015,1.008,1.015,0.995,242853,24366293.0,1.97,-0.79,-0.008,13.31
2023-02-06,0.99,0.998,1.008,0.99,212944,21303976.0,1.79,-0.99,-0.01,11.67
2023-02-07,0.998,0.998,1.003,0.991,193631,19275433.0,1.2,0.0,0.0,10.61
2023-02-08,1.003,0.995,1.005,0.994,100346,10032646.0,1.1,-0.3,-0.003,5.5
2023-02-09,0.996,1.015,1.015,0.993,170685,17230072.0,2.21,2.01,0.02,9.35
2023-02-10,1.007,1.007,1.012,0.998,111427,11206011.0,1.38,-0.79,-0.008,6.11
2023-02-13,1.007,1.008,1.013,1.006,235656,23757922.0,0.7,0.1,0.001,12.91
2023-02-14,1.014,1.008,1.014,1.002,128713,12945139.0,1.19,0.0,0.0,7.05
2023-02-15,1.009,1.004,1.01,0.999,269434,27034069.0,1.09,-0.4,-0.004,14.76
2023-02-16,1.0,0.977,1.003,0.972,249395,24765314.0,3.09,-2.69,-0.027,13.67
2023-02-17,0.977,0.965,0.978,0.965,277142,26876108.0,1.33,-1.23,-0.012,15.19
2023-02-20,0.965,0.967,0.967,0.95,205705,19665549.0,1.76,0.21,0.002,11.27
2023-02-21,0.966,0.966,0.973,0.961,114363,11042266.0,1.24,-0.1,-0.001,6.27
2023-02-22,0.964,0.963,0.966,0.96,100463,9674000.0,0.62,-0.31,-0.003,5.5
2023-02-23,0.966,0.967,0.97,0.961,114077,11011441.0,0.93,0.42,0.004,6.25
2023-02-24,0.967,0.959,0.968,0.958,204790,19667843.0,1.03,-0.83,-0.008,11.22
2023-02-27,0.939,0.952,0.964,0.939,167374,15928448.0,2.61,-0.73,-0.007,9.17
2023-02-28,0.952,0.954,0.954,0.945,191728,18200779.0,0.95,0.21,0.002,10.51
2023-03-01,0.954,0.958,0.958,0.95,119938,11452065.0,0.84,0.42,0.004,6.57
2023-03-02,0.953,0.941,0.956,0.94,188655,17782695.0,1.67,-1.77,-0.017,10.34
2023-03-03,0.942,0.941,0.947,0.938,194448,18279508.0,0.96,0.0,0.0,10.65
2023-03-06,0.944,0.952,0.954,0.935,216275,20452451.0,2.02,1.17,0.011,11.85
2023-03-07,0.952,0.936,0.952,0.934,149918,14128746.0,1.89,-1.68,-0.016,8.21
2023-03-08,0.936,0.935,0.937,0.928,90924,8469946.0,0.96,-0.11,-0.001,4.98
2023-03-09,0.942,0.939,0.956,0.937,101620,9582106.0,2.03,0.43,0.004,5.57
2023-03-10,0.944,0.934,0.944,0.923,123928,11565729.0,2.24,-0.53,-0.005,6.79
2023-03-13,0.929,0.921,0.93,0.914,150294,13806447.0,1.71,-1.39,-0.013,8.24
2023-03-14,0.927,0.927,0.928,0.91,175673,16186886.0,1.95,0.65,0.006,9.63
2023-03-15,0.938,0.927,0.944,0.924,101305,9447982.0,2.16,0.0,0.0,5.55
2023-03-16,0.923,0.91,0.928,0.908,92228,8456865.0,2.16,-1.83,-0.017,5.05
2023-03-17,0.915,0.907,0.916,0.904,114899,10440670.0,1.32,-0.33,-0.003,6.3
2023-03-20,0.907,0.909,0.913,0.895,203715,18435735.0,1.98,0.22,0.002,11.16
2023-03-21,0.91,0.921,0.921,0.906,137290,12546708.0,1.65,1.32,0.012,7.52
2023-03-22,0.918,0.921,0.929,0.918,229282,21184336.0,1.19,0.0,0.0,12.56
2023-03-23,0.921,0.92,0.921,0.914,105009,9623550.0,0.76,-0.11,-0.001,5.75
2023-03-24,0.92,0.916,0.923,0.914,69283,6359430.0,0.98,-0.43,-0.004,3.8
2023-03-27,0.916,0.914,0.924,0.91,173178,15856556.0,1.53,-0.22,-0.002,9.49
2023-03-28,0.914,0.895,0.914,0.894,138593,12496491.0,2.19,-2.08,-0.019,7.59
2023-03-29,0.898,0.9,0.904,0.896,161718,14539861.0,0.89,0.56,0.005,8.86
2023-03-30,0.9,0.91,0.91,0.898,155694,14082585.0,1.33,1.11,0.01,8.53
2023-03-31,0.914,0.913,0.921,0.909,74206,6788369.0,1.32,0.33,0.003,4.07
2023-04-03,0.909,0.922,0.922,0.903,142657,13066544.0,2.08,0.99,0.009,7.82
2023-04-04,0.922,0.91,0.925,0.904,160680,14667715.0,2.28,-1.3,-0.012,8.8
2023-04-06,0.91,0.926,0.927,0.901,155111,14199048.0,2.86,1.76,0.016,8.5
2023-04-07,0.926,0.932,0.937,0.925,102219,9518737.0,1.3,0.65,0.006,5.6
2023-04-10,0.937,0.929,0.939,0.926,76361,7104317.0,1.39,-0.32,-0.003,4.18
2023-04-11,0.924,0.922,0.932,0.917,152326,14059365.0,1.61,-0.75,-0.007,8.35
2023-04-12,0.922,0.921,0.925,0.918,93107,8575732.0,0.76,-0.11,-0.001,5.1
2023-04-13,0.919,0.908,0.919,0.907,121367,11040139.0,1.3,-1.41,-0.013,6.65
2023-04-14,0.907,0.934,0.935,0.907,185087,17049630.0,3.08,2.86,0.026,10.14
2023-04-17,0.934,0.939,0.949,0.93,109634,10332655.0,2.03,0.54,0.005,6.01
2023-04-18,0.939,0.926,0.94,0.925,160201,14895774.0,1.6,-1.38,-0.013,8.78
2023-04-19,0.925,0.92,0.935,0.915,171127,15763111.0,2.16,-0.65,-0.006,9.38
2023-04-20,0.919,0.91,0.919,0.9,80870,7320968.0,2.07,-1.09,-0.01,4.43
2023-04-21,0.91,0.889,0.913,0.888,137485,12394482.0,2.75,-2.31,-0.021,7.53
2023-04-24,0.889,0.865,0.889,0.859,242554,21046207.0,3.37,-2.7,-0.024,13.29
2023-04-25,0.866,0.834,0.866,0.828,169226,14280190.0,4.39,-3.58,-0.031,9.27
2023-04-26,0.84,0.846,0.853,0.828,162181,13744595.0,3.0,1.44,0.012,8.89
2023-04-27,0.843,0.849,0.855,0.843,178301,15148168.0,1.42,0.35,0.003,9.77
2023-04-28,0.848,0.857,0.866,0.848,308255,26427484.0,2.12,0.94,0.008,16.89
2023-05-04,0.856,0.848,0.856,0.844,137173,11684093.0,1.4,-1.05,-0.009,7.52
2023-05-05,0.848,0.833,0.848,0.831,209393,17509086.0,2.0,-1.77,-0.015,11.47
2023-05-08,0.825,0.832,0.859,0.825,204429,16975933.0,4.08,-0.12,-0.001,11.2
2023-05-09,0.828,0.812,0.833,0.811,148327,12167862.0,2.64,-2.4,-0.02,8.13
2023-05-10,0.811,0.814,0.821,0.805,118441,9583683.0,1.97,0.25,0.002,6.49
2023-05-11,0.814,0.817,0.826,0.814,111659,9146455.0,1.47,0.37,0.003,6.12
2023-05-12,0.821,0.803,0.821,0.802,164279,13316901.0,2.33,-1.71,-0.014,9.0
2023-05-15,0.802,0.817,0.817,0.802,102077,8291751.0,1.87,1.74,0.014,5.59
2023-05-16,0.815,0.815,0.819,0.812,109113,8903119.0,0.86,-0.24,-0.002,5.98
2023-05-17,0.817,0.822,0.822,0.813,87253,7140571.0,1.1,0.86,0.007,4.78
2023-05-18,0.824,0.816,0.824,0.81,116285,9476165.0,1.7,-0.73,-0.006,6.37
2023-05-19,0.814,0.824,0.825,0.813,144395,11838430.0,1.47,0.98,0.008,7.91
2023-05-22,0.817,0.828,0.831,0.817,96046,7935643.0,1.7,0.49,0.004,5.26
2023-05-23,0.828,0.818,0.836,0.818,187765,15464188.0,2.17,-1.21,-0.01,10.29
2023-05-24,0.813,0.823,0.83,0.813,191847,15805001.0,2.08,0.61,0.005,10.51
2023-05-25,0.819,0.825,0.828,0.818,203241,16714629.0,1.22,0.24,0.002,11.14
2023-05-26,0.822,0.819,0.822,0.816,184700,15138132.0,0.73,-0.73,-0.006,10.12
2023-05-29,0.823,0.818,0.825,0.815,199126,16273830.0,1.22,-0.12,-0.001,10.91
2023-05-30,0.813,0.809,0.815,0.8,152052,12300783.0,1.83,-1.1,-0.009,8.33
2023-05-31,0.808,0.808,0.812,0.804,216105,17463950.0,0.99,-0.12,-0.001,11.84
2023-06-01,0.807,0.812,0.819,0.803,127657,10390736.0,1.98,0.5,0.004,7.0
2023-06-02,0.818,0.825,0.828,0.813,148280,12163960.0,1.85,1.6,0.013,8.13
2023-06-05,0.825,0.816,0.827,0.816,100125,8189045.0,1.33,-1.09,-0.009,5.49
2023-06-06,0.816,0.805,0.816,0.801,146944,11871792.0,1.84,-1.35,-0.011,8.05
2023-06-07,0.801,0.796,0.813,0.794,133217,10622650.0,2.36,-1.12,-0.009,7.3
2023-06-08,0.802,0.787,0.802,0.786,111422,8825803.0,2.01,-1.13,-0.009,6.11
2023-06-09,0.786,0.795,0.795,0.786,142420,11254882.0,1.14,1.02,0.008,7.8
2023-06-12,0.792,0.796,0.799,0.788,107769,8544139.0,1.38,0.13,0.001,5.91
2023-06-13,0.797,0.796,0.8,0.791,88068,7005899.0,1.13,0.0,0.0,4.83
2023-06-14,0.794,0.792,0.797,0.791,93475,7410332.0,0.75,-0.5,-0.004,5.12
2023-06-15,0.793,0.805,0.807,0.789,70673,5634862.0,2.27,1.64,0.013,3.87
2023-06-16,0.808,0.808,0.81,0.803,141140,11403296.0,0.87,0.37,0.003,7.73
2023-06-19,0.81,0.803,0.81,0.802,96692,7772382.0,0.99,-0.62,-0.005,5.3
2023-06-20,0.811,0.801,0.811,0.796,160018,12831814.0,1.87,-0.25,-0.002,8.77
2023-06-21,0.797,0.783,0.8,0.782,149330,11758247.0,2.25,-2.25,-0.018,8.18
2023-06-26,0.779,0.785,0.796,0.776,203128,15971448.0,2.55,0.26,0.002,11.13
2023-06-27,0.788,0.79,0.798,0.784,145581,11499383.0,1.78,0.64,0.005,7.98
2023-06-28,0.788,0.79,0.79,0.777,112518,8846026.0,1.65,0.0,0.0,6.17
2023-06-29,0.79,0.797,0.801,0.79,92821,7407817.0,1.39,0.89,0.007,5.09
2023-06-30,0.798,0.819,0.822,0.798,226385,18525157.0,3.01,2.76,0.022,12.4
2023-07-03,0.831,0.823,0.838,0.819,104911,8640467.0,2.32,0.49,0.004,5.75
2023-07-04,0.819,0.826,0.826,0.819,145139,11950866.0,0.85,0.36,0.003,7.95
2023-07-05,0.82,0.82,0.829,0.817,103169,8494928.0,1.45,-0.73,-0.006,5.65
2023-07-06,0.814,0.814,0.82,0.812,95318,7758004.0,0.98,-0.73,-0.006,5.22
2023-07-07,0.811,0.803,0.812,0.803,194996,15727205.0,1.11,-1.35,-0.011,10.68
2023-07-10,0.804,0.808,0.816,0.804,106740,8654143.0,1.49,0.62,0.005,5.85
2023-07-11,0.806,0.813,0.815,0.804,159421,12886743.0,1.36,0.62,0.005,8.74
2023-07-12,0.814,0.808,0.816,0.807,238156,19338398.0,1.11,-0.62,-0.005,13.05
2023-07-13,0.813,0.811,0.814,0.809,109492,8883334.0,0.62,0.37,0.003,6.0
2023-07-14,0.812,0.803,0.812,0.801,100093,8056836.0,1.36,-0.99,-0.008,5.48
2023-07-17,0.802,0.797,0.803,0.795,100809,8037262.0,1.0,-0.75,-0.006,5.52
2023-07-18,0.798,0.799,0.805,0.798,134339,10760469.0,0.88,0.25,0.002,7.36
2023-07-19,0.798,0.789,0.8,0.787,158769,12555340.0,1.63,-1.25,-0.01,8.7
2023-07-20,0.788,0.783,0.795,0.781,101455,7992868.0,1.77,-0.76,-0.006,5.56
2023-07-21,0.784,0.781,0.788,0.779,138538,10829214.0,1.15,-0.26,-0.002,7.59
2023-07-24,0.78,0.776,0.783,0.774,113752,8865964.0,1.15,-0.64,-0.005,6.23
2023-07-25,0.778,0.789,0.789,0.778,146850,11548865.0,1.42,1.68,0.013,8.05
2023-07-26,0.787,0.787,0.789,0.784,88584,6968196.0,0.63,-0.25,-0.002,4.85
2023-07-27,0.788,0.775,0.789,0.773,112945,8828369.0,2.03,-1.52,-0.012,6.19
2023-07-28,0.772,0.782,0.783,0.769,114995,8922470.0,1.81,0.9,0.007,6.3
2023-07-31,0.784,0.787,0.793,0.784,112315,8871469.0,1.15,0.64,0.005,6.15
2023-08-01,0.788,0.792,0.794,0.782,241738,19072435.0,1.52,0.64,0.005,13.25
2023-08-02,0.817,0.794,0.828,0.791,296715,23641903.0,4.67,0.25,0.002,16.26
2023-08-03,0.789,0.787,0.789,0.773,214689,16848382.0,2.02,-0.88,-0.007,11.76
2023-08-04,0.788,0.785,0.789,0.779,162970,12749823.0,1.27,-0.25,-0.002,8.93
2023-08-07,0.787,0.78,0.787,0.776,122890,9581704.0,1.4,-0.64,-0.005,6.73
2023-08-08,0.78,0.775,0.78,0.771,152726,11831844.0,1.15,-0.64,-0.005,8.37
2023-08-09,0.772,0.771,0.775,0.77,79912,6169543.0,0.65,-0.52,-0.004,4.38
2023-08-10,0.773,0.774,0.777,0.77,130374,10082324.0,0.91,0.39,0.003,7.14
2023-08-11,0.775,0.757,0.775,0.757,165181,12613054.0,2.33,-2.2,-0.017,9.05
2023-08-14,0.755,0.747,0.755,0.738,169032,12586958.0,2.25,-1.32,-0.01,9.26
2023-08-15,0.748,0.737,0.755,0.732,119637,8850689.0,3.08,-1.34,-0.01,6.56
2023-08-16,0.736,0.731,0.743,0.73,104751,7728448.0,1.76,-0.81,-0.006,5.74
2023-08-17,0.731,0.736,0.738,0.725,165978,12115556.0,1.78,0.68,0.005,9.09
2023-08-18,0.738,0.734,0.749,0.734,216363,16041397.0,2.04,-0.27,-0.002,11.86
2023-08-21,0.733,0.719,0.733,0.718,248022,18005431.0,2.04,-2.04,-0.015,13.59
2023-08-22,0.719,0.716,0.726,0.7,309655,22065258.0,3.62,-0.42,-0.003,16.97
2023-08-23,0.711,0.702,0.712,0.701,249314,17624615.0,1.54,-1.96,-0.014,13.66
2023-08-24,0.705,0.7,0.709,0.697,216440,15182468.0,1.71,-0.28,-0.002,11.86
2023-08-25,0.699,0.687,0.699,0.683,278005,19246591.0,2.29,-1.86,-0.013,15.23
2023-08-28,0.709,0.684,0.724,0.682,157927,11055875.0,6.11,-0.44,-0.003,8.65
2023-08-29,0.685,0.707,0.71,0.684,224866,15710940.0,3.8,3.36,0.023,12.32
2023-08-30,0.709,0.721,0.729,0.708,304005,21976887.0,2.97,1.98,0.014,16.66
2023-08-31,0.722,0.721,0.725,0.715,264421,19020585.0,1.39,0.0,0.0,14.49
2023-09-01,0.725,0.717,0.725,0.713,167169,11975912.0,1.66,-0.55,-0.004,9.16
2023-09-04,0.72,0.727,0.727,0.714,192146,13826200.0,1.81,1.39,0.01,10.53
2023-09-05,0.727,0.725,0.733,0.723,222340,16152324.0,1.38,-0.28,-0.002,12.18
2023-09-06,0.725,0.733,0.735,0.718,262003,19034031.0,2.34,1.1,0.008,14.36
2023-09-07,0.733,0.712,0.733,0.712,191481,13786897.0,2.86,-2.86,-0.021,10.49
2023-09-08,0.711,0.717,0.721,0.711,132600,9522224.0,1.4,0.7,0.005,7.27
2023-09-11,0.705,0.727,0.73,0.705,223263,16114871.0,3.49,1.39,0.01,12.23
2023-09-12,0.724,0.726,0.728,0.72,181679,13153632.0,1.1,-0.14,-0.001,9.96
2023-09-13,0.722,0.718,0.726,0.713,197866,14202547.0,1.79,-1.1,-0.008,10.84
2023-09-14,0.716,0.709,0.718,0.704,175895,12461302.0,1.95,-1.25,-0.009,9.64
2023-09-15,0.709,0.708,0.715,0.7,310907,21965043.0,2.12,-0.14,-0.001,17.04
2023-09-18,0.708,0.709,0.718,0.702,179899,12771924.0,2.26,0.14,0.001,9.86
2023-09-19,0.705,0.702,0.708,0.699,188872,13275439.0,1.27,-0.99,-0.007,10.35
2023-09-20,0.698,0.691,0.703,0.69,175338,12192318.0,1.85,-1.57,-0.011,9.61
2023-09-21,0.693,0.685,0.693,0.684,281358,19343298.0,1.3,-0.87,-0.006,15.42
2023-09-22,0.684,0.696,0.696,0.682,287058,19755875.0,2.04,1.61,0.011,15.73
2023-09-25,0.697,0.691,0.697,0.687,213847,14746561.0,1.44,-0.72,-0.005,11.72
2023-09-26,0.69,0.682,0.69,0.681,138511,9483069.0,1.3,-1.3,-0.009,7.59
2023-09-27,0.682,0.689,0.698,0.682,196943,13586482.0,2.35,1.03,0.007,10.79
2023-09-28,0.692,0.695,0.696,0.688,213593,14801585.0,1.16,0.87,0.006,11.7
2023-10-09,0.694,0.685,0.694,0.682,235035,16136528.0,1.73,-1.44,-0.01,12.88
2023-10-10,0.686,0.679,0.692,0.679,197732,13537817.0,1.9,-0.88,-0.006,10.83
2023-10-11,0.682,0.687,0.689,0.682,197676,13557032.0,1.03,1.18,0.008,10.83
2023-10-12,0.689,0.701,0.703,0.686,238872,16531998.0,2.47,2.04,0.014,13.09
2023-10-13,0.698,0.693,0.698,0.689,154568,10684833.0,1.28,-1.14,-0.008,8.47
2023-10-16,0.693,0.681,0.693,0.677,172179,11743942.0,2.31,-1.73,-0.012,9.43
2023-10-17,0.681,0.682,0.685,0.677,201547,13733122.0,1.17,0.15,0.001,11.04
2023-10-18,0.678,0.67,0.678,0.668,267026,17973858.0,1.47,-1.76,-0.012,14.63
2023-10-19,0.667,0.666,0.675,0.664,197345,13219150.0,1.64,-0.6,-0.004,10.81
2023-10-20,0.658,0.662,0.668,0.658,185000,12288863.0,1.5,-0.6,-0.004,10.14
2023-10-23,0.656,0.64,0.659,0.638,160916,10430265.0,3.17,-3.32,-0.022,8.82
2023-10-24,0.641,0.657,0.657,0.64,210032,13624454.0,2.66,2.66,0.017,11.51
2023-10-25,0.657,0.657,0.666,0.656,155383,10259293.0,1.52,0.0,0.0,8.51
2023-10-26,0.65,0.657,0.657,0.644,138702,8982721.0,1.98,0.0,0.0,7.6
2023-10-27,0.651,0.676,0.68,0.647,237913,15805464.0,5.02,2.89,0.019,13.04
2023-10-30,0.674,0.689,0.693,0.674,269451,18448953.0,2.81,1.92,0.013,14.76
2023-10-31,0.689,0.683,0.689,0.678,149859,10226874.0,1.6,-0.87,-0.006,8.21
2023-11-01,0.682,0.682,0.687,0.68,184071,12566362.0,1.02,-0.15,-0.001,10.09
2023-11-02,0.682,0.668,0.682,0.667,129061,8688661.0,2.2,-2.05,-0.014,7.07
2023-11-03,0.666,0.679,0.701,0.666,156035,10590162.0,5.24,1.65,0.011,8.55
2023-11-06,0.683,0.702,0.704,0.682,163796,11379265.0,3.24,3.39,0.023,8.98
2023-11-07,0.698,0.7,0.704,0.696,159844,11195297.0,1.14,-0.28,-0.002,8.76
2023-11-08,0.702,0.705,0.708,0.698,237368,16658453.0,1.43,0.71,0.005,13.01
2023-11-09,0.704,0.706,0.71,0.702,232560,16414959.0,1.13,0.14,0.001,12.74
2023-11-10,0.704,0.705,0.707,0.698,204197,14386843.0,1.27,-0.14,-0.001,11.19
2023-11-13,0.707,0.711,0.711,0.703,192857,13628487.0,1.13,0.85,0.006,10.57
2023-11-14,0.713,0.714,0.719,0.71,266335,19049598.0,1.27,0.42,0.003,14.59
2023-11-15,0.722,0.717,0.724,0.714,211744,15252468.0,1.4,0.42,0.003,11.6
2023-11-16,0.713,0.704,0.714,0.703,128612,9107209.0,1.53,-1.81,-0.013,7.05
2023-11-17,0.701,0.712,0.716,0.688,202067,14339639.0,3.98,1.14,0.008,11.07
2023-11-20,0.712,0.722,0.722,0.708,168239,12043090.0,1.97,1.4,0.01,9.22
2023-11-21,0.722,0.713,0.722,0.712,123483,8865579.0,1.39,-1.25,-0.009,6.77
2023-11-22,0.713,0.7,0.715,0.699,121990,8612515.0,2.24,-1.82,-0.013,6.68
2023-11-23,0.696,0.706,0.708,0.696,201354,14088840.0,1.71,0.86,0.006,11.03
2023-11-24,0.702,0.691,0.703,0.69,194025,13486853.0,1.84,-2.12,-0.015,10.63
2023-11-27,0.685,0.695,0.697,0.685,251747,17447861.0,1.74,0.58,0.004,13.79
2023-11-28,0.696,0.701,0.702,0.693,192153,13389067.0,1.29,0.86,0.006,10.53
2023-11-29,0.7,0.698,0.703,0.697,166248,11641160.0,0.86,-0.43,-0.003,9.11
2023-11-30,0.698,0.69,0.698,0.686,246051,16983482.0,1.72,-1.15,-0.008,13.48
2023-12-01,0.69,0.685,0.69,0.682,177053,12123617.0,1.16,-0.72,-0.005,9.7
2023-12-04,0.684,0.683,0.688,0.682,191709,13124927.0,0.88,-0.29,-0.002,10.5
2023-12-05,0.682,0.67,0.682,0.669,126948,8575585.0,1.9,-1.9,-0.013,6.96
2023-12-06,0.672,0.673,0.681,0.671,291480,19741748.0,1.49,0.45,0.003,15.97
2023-12-07,0.673,0.668,0.673,0.664,183389,12225873.0,1.34,-0.74,-0.005,10.05
2023-12-08,0.668,0.667,0.671,0.665,149275,9963252.0,0.9,-0.15,-0.001,8.18
2023-12-11,0.661,0.671,0.671,0.659,235947,15665026.0,1.8,0.6,0.004,12.93
2023-12-12,0.67,0.668,0.67,0.666,120307,8027100.0,0.6,-0.45,-0.003,6.59
2023-12-13,0.663,0.658,0.667,0.657,122399,8108560.0,1.5,-1.5,-0.01,6.71
2023-12-14,0.662,0.658,0.665,0.658,215017,14197350.0,1.06,0.0,0.0,11.78
2023-12-15,0.66,0.655,0.664,0.653,158182,10396848.0,1.67,-0.46,-0.003,8.67
2023-12-18,0.652,0.64,0.652,0.638,220465,14180036.0,2.14,-2.29,-0.015,12.08
2023-12-19,0.638,0.642,0.646,0.638,215915,13850980.0,1.25,0.31,0.002,11.83
2023-12-20,0.637,0.637,0.648,0.626,186372,11928742.0,3.43,-0.78,-0.005,10.21
2023-12-21,0.643,0.642,0.646,0.63,250598,15890625.0,2.51,0.78,0.005,13.73
2023-12-22,0.639,0.644,0.65,0.636,237417,15286221.0,2.18,0.31,0.002,13.01
2023-12-25,0.647,0.647,0.653,0.643,145593,9422382.0,1.55,0.47,0.003,7.98
2023-12-26,0.649,0.635,0.649,0.634,170370,10864895.0,2.32,-1.85,-0.012,9.34
2023-12-27,0.637,0.635,0.639,0.629,169262,10713018.0,1.57,0.0,0.0,9.27
2023-12-28,0.636,0.66,0.662,0.634,219754,14323150.0,4.41,3.94,0.025,12.04
2023-12-29,0.661,0.667,0.667,0.652,183194,12177511.0,2.27,1.06,0.007,10.04
2024-01-02,0.674,0.66,0.674,0.66,151278,10023458.0,2.1,-1.05,-0.007,8.29
2024-01-03,0.655,0.653,0.666,0.649,116121,7618275.0,2.58,-1.06,-0.007,6.36
2024-01-04,0.652,0.642,0.652,0.641,118969,7668153.0,1.68,-1.68,-0.011,6.52
2024-01-05,0.642,0.628,0.649,0.624,188527,11943122.0,3.89,-2.18,-0.014,10.33
2024-01-08,0.624,0.607,0.627,0.606,239914,14722900.0,3.34,-3.34,-0.021,13.15
2024-01-09,0.607,0.606,0.616,0.6,271762,16531937.0,2.64,-0.16,-0.001,14.89
2024-01-10,0.601,0.602,0.615,0.597,601151,36503670.0,2.97,-0.66,-0.004,32.94
2024-01-11,0.603,0.615,0.619,0.602,367788,22363806.0,2.82,2.16,0.013,20.15
2024-01-12,0.614,0.612,0.623,0.608,347765,21461668.0,2.44,-0.49,-0.003,19.06
2024-01-15,0.61,0.601,0.612,0.599,314903,18971523.0,2.12,-1.8,-0.011,17.26
2024-01-16,0.6,0.597,0.605,0.591,282492,16919293.0,2.33,-0.67,-0.004,15.48
2024-01-17,0.594,0.578,0.595,0.577,281247,16504691.0,3.02,-3.18,-0.019,15.41
2024-01-18,0.576,0.579,0.582,0.562,316197,18035412.0,3.46,0.17,0.001,17.33
2024-01-19,0.573,0.573,0.587,0.572,314159,18139098.0,2.59,-1.04,-0.006,17.21
2024-01-22,0.568,0.538,0.568,0.536,253205,14090288.0,5.58,-6.11,-0.035,13.87
2024-01-23,0.538,0.543,0.548,0.53,264757,14269509.0,3.35,0.93,0.005,14.51
2024-01-24,0.543,0.545,0.545,0.522,284827,15162491.0,4.24,0.37,0.002,15.61
2024-01-25,0.538,0.56,0.562,0.538,304315,16785026.0,4.4,2.75,0.015,16.68
2024-01-26,0.557,0.548,0.562,0.546,226233,12525709.0,2.86,-2.14,-0.012,12.4
2024-01-29,0.552,0.531,0.556,0.531,371697,20028662.0,4.56,-3.1,-0.017,20.37
2024-01-30,0.527,0.515,0.536,0.509,375698,19660874.0,5.08,-3.01,-0.016,20.59
2024-01-31,0.515,0.49,0.515,0.489,278618,13853753.0,5.05,-4.85,-0.025,15.27
2024-02-01,0.489,0.486,0.496,0.478,293446,14289144.0,3.67,-0.82,-0.004,16.08
2024-02-02,0.488,0.47,0.489,0.448,318725,14990071.0,8.44,-3.29,-0.016,17.46
2024-02-05,0.466,0.443,0.466,0.421,456070,19835311.0,9.57,-5.74,-0.027,24.99
2024-02-06,0.44,0.472,0.477,0.422,252925,11364934.0,12.42,6.55,0.029,13.86
2024-02-07,0.473,0.492,0.497,0.473,232599,11399653.0,5.08,4.24,0.02,12.75
2024-02-08,0.495,0.519,0.521,0.489,218042,11132229.0,6.5,5.49,0.027,11.95
2024-02-19,0.521,0.513,0.528,0.506,139914,7193790.0,4.24,-1.16,-0.006,7.67
2024-02-20,0.508,0.511,0.513,0.498,142197,7200757.0,2.92,-0.39,-0.002,7.79
2024-02-21,0.507,0.515,0.529,0.507,240942,12444848.0,4.31,0.78,0.004,13.2
2024-02-22,0.517,0.519,0.52,0.512,175695,9088356.0,1.55,0.78,0.004,9.63
2024-02-23,0.523,0.53,0.53,0.519,201399,10547787.0,2.12,2.12,0.011,11.04
2024-02-26,0.527,0.531,0.54,0.523,231964,12314265.0,3.21,0.19,0.001,12.71
2024-02-27,0.53,0.546,0.546,0.527,215659,11516843.0,3.58,2.82,0.015,11.82
2024-02-28,0.549,0.517,0.558,0.517,254153,13749943.0,7.51,-5.31,-0.029,13.93
2024-02-29,0.516,0.538,0.539,0.514,149189,7892246.0,4.84,4.06,0.021,8.17
2024-03-01,0.539,0.546,0.546,0.537,201838,10954912.0,1.67,1.49,0.008,11.06
2024-03-04,0.544,0.543,0.547,0.535,128777,6988508.0,2.2,-0.55,-0.003,7.06
2024-03-05,0.542,0.534,0.543,0.531,150060,8053457.0,2.21,-1.66,-0.009,8.22
2024-03-06,0.529,0.535,0.542,0.526,121909,6492007.0,3.0,0.19,0.001,6.68
2024-03-07,0.535,0.527,0.54,0.526,144417,7671786.0,2.62,-1.5,-0.008,7.91
2024-03-08,0.53,0.531,0.534,0.524,117536,6216540.0,1.9,0.76,0.004,6.44
2024-03-11,0.532,0.55,0.55,0.532,111119,6032140.0,3.39,3.58,0.019,6.09
2024-03-12,0.55,0.554,0.558,0.548,180887,9994367.0,1.82,0.73,0.004,9.91
2024-03-13,0.554,0.555,0.559,0.55,172992,9602607.0,1.62,0.18,0.001,9.48
2024-03-14,0.555,0.546,0.556,0.54,150317,8243818.0,2.88,-1.62,-0.009,8.24
2024-03-15,0.542,0.548,0.549,0.539,80891,4395479.0,1.83,0.37,0.002,4.43
2024-03-18,0.549,0.56,0.56,0.545,132950,7349843.0,2.74,2.19,0.012,7.29
2024-03-19,0.556,0.554,0.561,0.554,115492,6424584.0,1.25,-1.07,-0.006,6.33
2024-03-20,0.556,0.555,0.556,0.549,69816,3856225.0,1.26,0.18,0.001,3.83
2024-03-21,0.557,0.547,0.559,0.543,92113,5071034.0,2.88,-1.44,-0.008,5.05
2024-03-22,0.547,0.535,0.547,0.533,60172,3235401.0,2.56,-2.19,-0.012,3.3
2024-03-25,0.531,0.519,0.531,0.518,148175,7774871.0,2.43,-2.99,-0.016,8.12
2024-03-26,0.517,0.518,0.522,0.51,292539,15091433.0,2.31,-0.19,-0.001,16.03
2024-03-27,0.516,0.496,0.517,0.496,198694,10085512.0,4.05,-4.25,-0.022,10.89
2024-03-28,0.5,0.504,0.509,0.498,136317,6866092.0,2.22,1.61,0.008,7.47
2024-03-29,0.503,0.51,0.51,0.501,146322,7390439.0,1.79,1.19,0.006,8.02
2024-04-01,0.512,0.522,0.523,0.512,141187,7346851.0,2.16,2.35,0.012,7.74
2024-04-02,0.523,0.527,0.528,0.516,130364,6831198.0,2.3,0.96,0.005,7.14
2024-04-03,0.523,0.523,0.53,0.522,90621,4758038.0,1.52,-0.76,-0.004,4.97
2024-04-08,0.52,0.507,0.524,0.507,122529,6283549.0,3.25,-3.06,-0.016,6.71
2024-04-09,0.512,0.53,0.53,0.507,200135,10442443.0,4.54,4.54,0.023,10.97
2024-04-10,0.528,0.519,0.53,0.516,136734,7118365.0,2.64,-2.08,-0.011,7.49
2024-04-11,0.514,0.519,0.526,0.514,243890,12692836.0,2.31,0.0,0.0,13.36
2024-04-12,0.517,0.503,0.517,0.503,156775,7987444.0,2.7,-3.08,-0.016,8.59
2024-04-15,0.504,0.498,0.511,0.492,215255,10732213.0,3.78,-0.99,-0.005,11.8
2024-04-16,0.495,0.476,0.495,0.474,161723,7814237.0,4.22,-4.42,-0.022,8.86
2024-04-17,0.48,0.498,0.498,0.48,124901,6154478.0,3.78,4.62,0.022,6.84
2024-04-18,0.497,0.499,0.505,0.489,126798,6320629.0,3.21,0.2,0.001,6.95
2024-04-19,0.498,0.492,0.498,0.489,127668,6273162.0,1.8,-1.4,-0.007,7.0
2024-04-22,0.492,0.492,0.496,0.482,106872,5241872.0,2.85,0.0,0.0,5.86
2024-04-23,0.492,0.487,0.494,0.486,102760,5026481.0,1.63,-1.02,-0.005,5.63
2024-04-24,0.487,0.49,0.49,0.484,84746,4127371.0,1.23,0.62,0.003,4.64
2024-04-25,0.486,0.494,0.499,0.486,94419,4667940.0,2.65,0.82,0.004,5.17
2024-04-26,0.498,0.504,0.506,0.492,87404,4376529.0,2.83,2.02,0.01,4.79
2024-04-29,0.508,0.537,0.537,0.508,242129,12827361.0,5.75,6.55,0.033,13.27
2024-04-30,0.535,0.53,0.535,0.527,156402,8308208.0,1.49,-1.3,-0.007,8.57
2024-05-06,0.535,0.544,0.545,0.533,160170,8672006.0,2.26,2.64,0.014,8.78
2024-05-07,0.544,0.552,0.552,0.54,166360,9109259.0,2.21,1.47,0.008,9.12
2024-05-08,0.552,0.54,0.552,0.539,129173,7036147.0,2.36,-2.17,-0.012,7.08
2024-05-09,0.541,0.554,0.557,0.541,150900,8350989.0,2.96,2.59,0.014,8.27
2024-05-10,0.553,0.544,0.556,0.542,147647,8071063.0,2.53,-1.81,-0.01,8.09
2024-05-13,0.538,0.535,0.55,0.533,154330,8293361.0,3.13,-1.65,-0.009,8.46
2024-05-14,0.539,0.534,0.542,0.533,105168,5640577.0,1.68,-0.19,-0.001,5.76
2024-05-15,0.53,0.53,0.538,0.53,100405,5365076.0,1.5,-0.75,-0.004,5.5
2024-05-16,0.529,0.528,0.536,0.527,132078,7014793.0,1.7,-0.38,-0.002,7.24
2024-05-17,0.532,0.537,0.537,0.525,133615,7086313.0,2.27,1.7,0.009,7.32
2024-05-20,0.538,0.538,0.547,0.535,100682,5444388.0,2.23,0.19,0.001,5.52
2024-05-21,0.541,0.531,0.542,0.528,91663,4870302.0,2.6,-1.3,-0.007,5.02
2024-05-22,0.533,0.534,0.535,0.527,130507,6930018.0,1.51,0.56,0.003,7.15
2024-05-23,0.53,0.523,0.531,0.522,154903,8131422.0,1.69,-2.06,-0.011,8.49
2024-05-24,0.52,0.512,0.528,0.512,124410,6427856.0,3.06,-2.1,-0.011,6.82
2024-05-27,0.51,0.517,0.517,0.502,148275,7512443.0,2.93,0.98,0.005,8.12
2024-05-28,0.518,0.516,0.524,0.512,101487,5270516.0,2.32,-0.19,-0.001,5.56
2024-05-29,0.514,0.517,0.524,0.513,99780,5165233.0,2.13,0.19,0.001,5.47
2024-05-30,0.515,0.521,0.522,0.514,145814,7583864.0,1.55,0.77,0.004,7.99
2024-05-31,0.526,0.523,0.526,0.521,82469,4318050.0,0.96,0.38,0.002,4.52
2024-06-03,0.522,0.517,0.525,0.513,126350,6543283.0,2.29,-1.15,-0.006,6.92
2024-06-04,0.517,0.515,0.517,0.509,136353,6983809.0,1.55,-0.39,-0.002,7.47
2024-06-05,0.515,0.512,0.52,0.512,104117,5383703.0,1.55,-0.58,-0.003,5.71
2024-06-06,0.516,0.502,0.518,0.5,125001,6338818.0,3.52,-1.95,-0.01,6.85
2024-06-07,0.507,0.498,0.508,0.494,110686,5537945.0,2.79,-0.8,-0.004,6.07
2024-06-11,0.497,0.512,0.512,0.492,134358,6710383.0,4.02,2.81,0.014,7.36
2024-06-12,0.513,0.515,0.52,0.512,82243,4246583.0,1.56,0.59,0.003,4.51
2024-06-13,0.517,0.521,0.526,0.513,128615,6687497.0,2.52,1.17,0.006,7.05
2024-06-14,0.521,0.515,0.521,0.511,160206,8219243.0,1.92,-1.15,-0.006,8.78
2024-06-17,0.515,0.516,0.519,0.511,59720,3079901.0,1.55,0.19,0.001,3.27
2024-06-18,0.516,0.518,0.52,0.514,74869,3874920.0,1.16,0.39,0.002,4.1
2024-06-19,0.514,0.509,0.518,0.508,108020,5507185.0,1.93,-1.74,-0.009,5.92
2024-06-20,0.513,0.507,0.517,0.507,168473,8627989.0,1.96,-0.39,-0.002,9.23
2024-06-21,0.507,0.504,0.507,0.5,117621,5915134.0,1.38,-0.59,-0.003,6.45
2024-06-24,0.503,0.485,0.503,0.484,105520,5212056.0,3.77,-3.77,-0.019,5.78
2024-06-25,0.48,0.474,0.49,0.471,114601,5498405.0,3.92,-2.27,-0.011,6.28
2024-06-26,0.473,0.486,0.486,0.469,139803,6651606.0,3.59,2.53,0.012,7.66
2024-06-27,0.486,0.473,0.486,0.472,101483,4852974.0,2.88,-2.67,-0.013,5.56
2024-06-28,0.473,0.475,0.483,0.473,114113,5455369.0,2.11,0.42,0.002,6.25
2024-07-01,0.475,0.474,0.477,0.466,150598,7077149.0,2.32,-0.21,-0.001,8.25
2024-07-02,0.475,0.469,0.475,0.468,115535,5443444.0,1.48,-1.05,-0.005,6.33
2024-07-03,0.468,0.466,0.471,0.463,107508,5020448.0,1.71,-0.64,-0.003,5.89
2024-07-04,0.465,0.454,0.477,0.453,105455,4871613.0,5.15,-2.58,-0.012,5.78
2024-07-05,0.453,0.457,0.457,0.448,134450,6065956.0,1.98,0.66,0.003,7.37
2024-07-08,0.455,0.448,0.455,0.446,123429,5560490.0,1.97,-1.97,-0.009,6.76
2024-07-09,0.445,0.455,0.458,0.443,92027,4136811.0,3.35,1.56,0.007,5.04
2024-07-10,0.454,0.454,0.462,0.453,117250,5354839.0,1.98,-0.22,-0.001,6.42
2024-07-11,0.46,0.467,0.469,0.459,135970,6343070.0,2.2,2.86,0.013,7.45
2024-07-12,0.465,0.465,0.468,0.464,97434,4546943.0,0.86,-0.43,-0.002,5.34
2024-07-15,0.465,0.459,0.466,0.459,53344,2467877.0,1.51,-1.29,-0.006,2.92
2024-07-16,0.462,0.46,0.462,0.455,107315,4908981.0,1.53,0.22,0.001,5.88
2024-07-17,0.46,0.458,0.462,0.456,53564,2458394.0,1.3,-0.43,-0.002,2.94
2024-07-18,0.456,0.459,0.46,0.449,109352,4970618.0,2.4,0.22,0.001,5.99
2024-07-19,0.459,0.466,0.468,0.456,71700,3316976.0,2.61,1.53,0.007,3.93
2024-07-22,0.466,0.467,0.47,0.465,64693,3022036.0,1.07,0.21,0.001,3.54
2024-07-23,0.467,0.452,0.467,0.452,103872,4782454.0,3.21,-3.21,-0.015,5.69
2024-07-24,0.451,0.444,0.454,0.442,87604,3921481.0,2.65,-1.77,-0.008,4.8
2024-07-25,0.442,0.446,0.451,0.44,151460,6750440.0,2.48,0.45,0.002,8.3
2024-07-26,0.448,0.454,0.455,0.448,103887,4703826.0,1.57,1.79,0.008,5.69
2024-07-29,0.456,0.446,0.456,0.445,81993,3677418.0,2.42,-1.76,-0.008,4.49
2024-07-30,0.446,0.447,0.449,0.441,74821,3341324.0,1.79,0.22,0.001,4.1
2024-07-31,0.447,0.468,0.468,0.447,117625,5406916.0,4.7,4.7,0.021,6.45
2024-08-01,0.469,0.465,0.472,0.462,82900,3862674.0,2.14,-0.64,-0.003,4.54
2024-08-02,0.465,0.457,0.467,0.456,117081,5424500.0,2.37,-1.72,-0.008,6.42
2024-08-05,0.454,0.445,0.463,0.445,79624,3646481.0,3.94,-2.63,-0.012,4.36
2024-08-06,0.448,0.452,0.455,0.447,148208,6686474.0,1.8,1.57,0.007,8.12
2024-08-07,0.449,0.451,0.454,0.448,55318,2495312.0,1.33,-0.22,-0.001,3.03
2024-08-08,0.451,0.449,0.454,0.444,80895,3623636.0,2.22,-0.44,-0.002,4.43
2024-08-09,0.452,0.443,0.454,0.443,109415,4905315.0,2.45,-1.34,-0.006,6.0
2024-08-12,0.444,0.441,0.444,0.439,101831,4497618.0,1.13,-0.45,-0.002,5.58
2024-08-13,0.44,0.445,0.445,0.439,103510,4574421.0,1.36,0.91,0.004,5.67
2024-08-14,0.444,0.437,0.446,0.436,62897,2773981.0,2.25,-1.8,-0.008,3.45
2024-08-15,0.437,0.439,0.444,0.433,77607,3387328.0,2.52,0.46,0.002,4.25
2024-08-16,0.438,0.435,0.44,0.434,75182,3283705.0,1.37,-0.91,-0.004,4.12
2024-08-19,0.434,0.432,0.438,0.431,107908,4688401.0,1.61,-0.69,-0.003,5.91
2024-08-20,0.432,0.423,0.432,0.423,98531,4207372.0,2.08,-2.08,-0.009,5.4
2024-08-21,0.423,0.424,0.428,0.423,66360,2817548.0,1.18,0.24,0.001,3.64
2024-08-22,0.424,0.417,0.425,0.417,98205,4137959.0,1.89,-1.65,-0.007,5.38
2024-08-23,0.418,0.419,0.42,0.415,71760,2992998.0,1.2,0.48,0.002,3.93
2024-08-26,0.418,0.422,0.426,0.418,53665,2278742.0,1.91,0.72,0.003,2.94
2024-08-27,0.42,0.418,0.422,0.417,80763,3381484.0,1.18,-0.95,-0.004,4.43
2024-08-28,0.417,0.421,0.423,0.417,77794,3254938.0,1.44,0.72,0.003,4.26
2024-08-29,0.419,0.43,0.431,0.419,70280,2982850.0,2.85,2.14,0.009,3.85
2024-08-30,0.43,0.438,0.444,0.429,121826,5338445.0,3.49,1.86,0.008,6.68
2024-09-02,0.438,0.425,0.438,0.425,80598,3481807.0,2.97,-2.97,-0.013,4.42
2024-09-03,0.426,0.431,0.435,0.425,85649,3676606.0,2.35,1.41,0.006,4.69
2024-09-04,0.428,0.431,0.435,0.427,66660,2867206.0,1.86,0.0,0.0,3.65
2024-09-05,0.432,0.432,0.436,0.429,69642,3014528.0,1.62,0.23,0.001,3.82
2024-09-06,0.437,0.421,0.437,0.421,28221,1199081.0,3.7,-2.55,-0.011,1.55
2024-09-09,0.421,0.418,0.423,0.416,86261,3629961.0,1.66,-0.71,-0.003,4.73
2024-09-10,0.418,0.418,0.42,0.411,81610,3386106.0,2.15,0.0,0.0,4.47
2024-09-11,0.415,0.42,0.423,0.415,101208,4244865.0,1.91,0.48,0.002,5.55
2024-09-12,0.421,0.418,0.425,0.418,75511,3168067.0,1.67,-0.48,-0.002,4.14
2024-09-13,0.416,0.409,0.417,0.409,83338,3446065.0,1.91,-2.15,-0.009,4.57
2024-09-18,0.409,0.405,0.409,0.4,100676,4059383.0,2.2,-0.98,-0.004,5.52
2024-09-19,0.406,0.408,0.415,0.402,104059,4250538.0,3.21,0.74,0.003,5.7
2024-09-20,0.408,0.403,0.408,0.401,80558,3244216.0,1.72,-1.23,-0.005,4.41
2024-09-23,0.403,0.404,0.406,0.401,42866,1729874.0,1.24,0.25,0.001,2.35
2024-09-24,0.407,0.424,0.424,0.406,101921,4220130.0,4.46,4.95,0.02,5.58
2024-09-25,0.428,0.426,0.436,0.425,72091,3107647.0,2.59,0.47,0.002,3.95
2024-09-26,0.431,0.446,0.447,0.425,125189,5428652.0,5.16,4.69,0.02,6.86
2024-09-27,0.447,0.48,0.48,0.447,71029,3267822.0,7.4,7.62,0.034,3.89
2024-09-30,0.495,0.576,0.576,0.495,266189,14270523.0,16.88,20.0,0.096,14.59
2024-10-08,0.691,0.691,0.691,0.623,2399992,161419780.0,11.81,19.97,0.115,131.51
2024-10-09,0.669,0.585,0.669,0.553,1192501,73751982.0,16.79,-15.34,-0.106,65.34
2024-10-10,0.584,0.572,0.624,0.566,699977,41182052.0,9.91,-2.22,-0.013,38.36
2024-10-11,0.558,0.536,0.569,0.528,527202,28759347.0,7.17,-6.29,-0.036,28.89
2024-10-14,0.536,0.55,0.554,0.525,558931,30153363.0,5.41,2.61,0.014,30.63
2024-10-15,0.543,0.535,0.557,0.535,318934,17423613.0,4.0,-2.73,-0.015,17.48
2024-10-16,0.524,0.526,0.538,0.522,338527,17895489.0,2.99,-1.68,-0.009,18.55
2024-10-17,0.527,0.526,0.537,0.525,222968,11869724.0,2.28,0.0,0.0,12.22
2024-10-18,0.523,0.571,0.597,0.523,661066,36801942.0,14.07,8.56,0.045,36.22
2024-10-21,0.571,0.581,0.604,0.568,582239,34043841.0,6.3,1.75,0.01,31.9
2024-10-22,0.571,0.578,0.583,0.569,274777,15815182.0,2.41,-0.52,-0.003,15.06
2024-10-23,0.575,0.586,0.596,0.572,262477,15400756.0,4.15,1.38,0.008,14.38
2024-10-24,0.582,0.581,0.586,0.576,150036,8717096.0,1.71,-0.85,-0.005,8.22
2024-10-25,0.583,0.601,0.609,0.582,367051,21935332.0,4.65,3.44,0.02,20.11
2024-10-28,0.601,0.603,0.606,0.596,199767,12002564.0,1.66,0.33,0.002,10.95
2024-10-29,0.613,0.59,0.613,0.588,201504,12039114.0,4.15,-2.16,-0.013,11.04
2024-10-30,0.584,0.584,0.593,0.577,180559,10553456.0,2.71,-1.02,-0.006,9.89
2024-10-31,0.582,0.595,0.599,0.577,224641,13314554.0,3.77,1.88,0.011,12.31
2024-11-01,0.592,0.58,0.6,0.578,158742,9318523.0,3.7,-2.52,-0.015,8.7
2024-11-04,0.58,0.593,0.596,0.577,189086,11174349.0,3.28,2.24,0.013,10.36
2024-11-05,0.593,0.619,0.622,0.593,249974,15318733.0,4.89,4.38,0.026,13.7
2024-11-06,0.623,0.627,0.646,0.622,234457,14865510.0,3.88,1.29,0.008,12.85
2024-11-07,0.622,0.638,0.639,0.622,162009,10229239.0,2.71,1.75,0.011,8.88
2024-11-08,0.649,0.652,0.669,0.638,377585,24819806.0,4.86,2.19,0.014,20.69
2024-11-11,0.664,0.716,0.721,0.652,608432,41976959.0,10.58,9.82,0.064,33.34
2024-11-12,0.72,0.695,0.72,0.673,1014947,70385972.0,6.56,-2.93,-0.021,55.61
2024-11-13,0.678,0.679,0.692,0.666,806089,54376740.0,3.74,-2.3,-0.016,44.17
2024-11-14,0.679,0.652,0.686,0.651,438411,29413817.0,5.15,-3.98,-0.027,24.02
2024-11-15,0.65,0.63,0.656,0.628,376648,24265262.0,4.29,-3.37,-0.022,20.64
2024-11-18,0.631,0.614,0.639,0.609,312965,19456936.0,4.76,-2.54,-0.016,17.15
2024-11-19,0.612,0.649,0.652,0.611,368129,23145813.0,6.68,5.7,0.035,20.17
2024-11-20,0.643,0.647,0.651,0.636,333519,21441489.0,2.31,-0.31,-0.002,18.28
2024-11-21,0.639,0.642,0.651,0.635,282480,18153041.0,2.47,-0.77,-0.005,15.48
2024-11-22,0.64,0.616,0.647,0.612,263573,16542518.0,5.45,-4.05,-0.026,14.44
2024-11-25,0.612,0.619,0.62,0.606,213376,13086106.0,2.27,0.49,0.003,11.69
2024-11-26,0.617,0.602,0.619,0.601,193647,11775745.0,2.91,-2.75,-0.017,10.61
2024-11-27,0.6,0.618,0.618,0.588,284378,17188640.0,4.98,2.66,0.016,15.58
2024-11-28,0.617,0.611,0.623,0.609,191485,11785034.0,2.27,-1.13,-0.007,10.49
2024-11-29,0.608,0.624,0.632,0.605,268774,16684030.0,4.42,2.13,0.013,14.73
2024-12-02,0.628,0.635,0.637,0.618,189307,11928055.0,3.04,1.76,0.011,10.37
2024-12-03,0.635,0.632,0.639,0.625,139029,8776746.0,2.2,-0.47,-0.003,7.62
2024-12-04,0.632,0.621,0.636,0.617,139480,8713826.0,3.01,-1.74,-0.011,7.64
2024-12-05,0.621,0.626,0.628,0.616,78437,4890553.0,1.93,0.81,0.005,4.3
2024-12-06,0.625,0.63,0.635,0.614,158819,9962011.0,3.35,0.64,0.004,8.7
2024-12-09,0.629,0.626,0.633,0.62,113185,7092080.0,2.06,-0.63,-0.004,6.2
2024-12-10,0.646,0.631,0.655,0.631,272908,17523195.0,3.83,0.8,0.005,14.95
2024-12-11,0.631,0.632,0.635,0.629,91399,5772394.0,0.95,0.16,0.001,5.01
2024-12-12,0.636,0.633,0.636,0.625,135263,8519840.0,1.74,0.16,0.001,7.41
2024-12-13,0.63,0.615,0.63,0.614,224981,13911544.0,2.53,-2.84,-0.018,12.33
2024-12-16,0.614,0.601,0.615,0.598,189850,11482378.0,2.76,-2.28,-0.014,10.4
2024-12-17,0.6,0.596,0.606,0.594,183513,11019455.0,2.0,-0.83,-0.005,10.06
2024-12-18,0.601,0.597,0.604,0.592,62917,3761472.0,2.01,0.17,0.001,3.45
2024-12-19,0.59,0.596,0.597,0.587,109068,6465624.0,1.68,-0.17,-0.001,5.98
2024-12-20,0.597,0.604,0.609,0.592,170130,10235431.0,2.85,1.34,0.008,9.32
2024-12-23,0.602,0.585,0.603,0.584,179852,10619365.0,3.15,-3.15,-0.019,9.86
2024-12-24,0.586,0.592,0.593,0.584,88152,5195034.0,1.54,1.2,0.007,4.83
2024-12-25,0.597,0.585,0.597,0.58,92842,5431439.0,2.87,-1.18,-0.007,5.09
2024-12-26,0.587,0.585,0.59,0.584,67357,3956527.0,1.03,0.0,0.0,3.69
2024-12-27,0.583,0.584,0.595,0.582,124124,7293674.0,2.22,-0.17,-0.001,6.8
2024-12-30,0.583,0.582,0.587,0.575,66215,3850707.0,2.05,-0.34,-0.002,3.63
2024-12-31,0.586,0.562,0.586,0.562,127679,7274370.0,4.12,-3.44,-0.02,7.0
2025-01-02,0.562,0.547,0.564,0.541,130385,7203944.0,4.09,-2.67,-0.015,7.14
2025-01-03,0.548,0.535,0.552,0.533,114201,6189665.0,3.47,-2.19,-0.012,6.26
2025-01-06,0.537,0.535,0.541,0.53,78284,4181794.0,2.06,0.0,0.0,4.29
2025-01-07,0.536,0.54,0.54,0.529,156414,8372129.0,2.06,0.93,0.005,8.57
2025-01-08,0.538,0.537,0.542,0.521,125659,6722792.0,3.89,-0.56,-0.003,6.89
2025-01-09,0.535,0.541,0.545,0.535,129773,7027635.0,1.86,0.74,0.004,7.11
2025-01-10,0.541,0.533,0.55,0.532,109923,5949627.0,3.33,-1.48,-0.008,6.02
2025-01-13,0.53,0.538,0.543,0.529,70123,3769018.0,2.63,0.94,0.005,3.84
2025-01-14,0.539,0.563,0.563,0.539,176151,9756501.0,4.46,4.65,0.025,9.65
2025-01-15,0.561,0.559,0.562,0.555,49428,2762637.0,1.24,-0.71,-0.004,2.71
2025-01-16,0.559,0.56,0.569,0.555,78106,4392113.0,2.5,0.18,0.001,4.28
2025-01-17,0.559,0.566,0.57,0.557,96109,5428697.0,2.32,1.07,0.006,5.27
2025-01-20,0.568,0.565,0.571,0.563,117445,6646673.0,1.41,-0.18,-0.001,6.44
2025-01-21,0.568,0.564,0.568,0.558,79626,4475214.0,1.77,-0.18,-0.001,4.36
2025-01-22,0.564,0.56,0.564,0.555,42595,2379645.0,1.6,-0.71,-0.004,2.33
2025-01-23,0.563,0.56,0.572,0.559,77823,4413100.0,2.32,0.0,0.0,4.26
2025-01-24,0.559,0.567,0.569,0.555,58589,3308725.0,2.5,1.25,0.007,3.21
2025-01-27,0.567,0.559,0.572,0.559,62802,3543610.0,2.29,-1.41,-0.008,3.44
2025-02-05,0.562,0.559,0.564,0.556,90290,5043403.0,1.43,0.0,0.0,4.95
2025-02-06,0.555,0.576,0.576,0.555,129431,7393650.0,3.76,3.04,0.017,7.09
2025-02-07,0.576,0.585,0.592,0.575,146312,8541501.0,2.95,1.56,0.009,8.02
2025-02-10,0.583,0.585,0.586,0.575,94065,5464036.0,1.88,0.0,0.0,5.15
2025-02-11,0.585,0.577,0.585,0.573,57029,3285171.0,2.05,-1.37,-0.008,3.12
2025-02-12,0.574,0.585,0.586,0.572,101374,5858211.0,2.43,1.39,0.008,5.55
2025-02-13,0.583,0.579,0.591,0.579,114084,6689656.0,2.05,-1.03,-0.006,6.25
2025-02-14,0.578,0.58,0.586,0.577,88116,5115444.0,1.55,0.17,0.001,4.83
2025-02-17,0.58,0.584,0.586,0.58,75603,4405127.0,1.03,0.69,0.004,4.14
2025-02-18,0.585,0.576,0.591,0.574,149140,8710128.0,2.91,-1.37,-0.008,8.17
2025-02-19,0.575,0.601,0.602,0.575,264655,15638662.0,4.69,4.34,0.025,14.5
2025-02-20,0.602,0.605,0.607,0.596,142788,8577401.0,1.83,0.67,0.004,7.82
2025-02-21,0.605,0.621,0.624,0.603,199852,12287165.0,3.47,2.64,0.016,10.95
2025-02-24,0.621,0.628,0.634,0.617,343503,21504076.0,2.74,1.13,0.007,18.82
2025-02-25,0.627,0.633,0.636,0.619,240683,15148765.0,2.71,0.8,0.005,13.19
2025-02-26,0.63,0.639,0.641,0.628,111797,7103915.0,2.05,0.95,0.006,6.13
2025-02-27,0.639,0.642,0.645,0.632,240220,15357901.0,2.03,0.47,0.003,13.16
2025-02-28,0.642,0.622,0.643,0.621,275487,17371706.0,3.43,-3.12,-0.02,15.1
2025-03-03,0.624,0.632,0.646,0.624,208303,13290926.0,3.54,1.61,0.01,11.41
2025-03-04,0.633,0.633,0.634,0.623,195493,12321971.0,1.74,0.16,0.001,10.71
2025-03-05,0.632,0.633,0.634,0.626,162992,10263025.0,1.26,0.0,0.0,8.93
2025-03-06,0.635,0.642,0.646,0.632,470843,30123421.0,2.21,1.42,0.009,25.8
2025-03-07,0.642,0.64,0.647,0.635,200270,12809383.0,1.87,-0.31,-0.002,10.97
2025-03-10,0.637,0.639,0.643,0.634,183096,11724082.0,1.41,-0.16,-0.001,10.03
2025-03-11,0.63,0.639,0.645,0.629,150917,9634596.0,2.5,0.0,0.0,8.27
2025-03-12,0.642,0.64,0.646,0.639,75475,4844046.0,1.1,0.16,0.001,4.14
2025-03-13,0.64,0.63,0.646,0.626,106929,6753602.0,3.13,-1.56,-0.01,5.86
2025-03-14,0.63,0.638,0.641,0.626,97806,6222145.0,2.38,1.27,0.008,5.36
2025-03-17,0.645,0.642,0.645,0.635,85477,5476524.0,1.57,0.63,0.004,4.68
2025-03-18,0.642,0.646,0.653,0.642,102048,6610724.0,1.71,0.62,0.004,5.59
2025-03-19,0.643,0.636,0.652,0.634,72257,4609104.0,2.79,-1.55,-0.01,3.96
2025-03-20,0.636,0.632,0.637,0.63,47380,2999352.0,1.1,-0.63,-0.004,2.6
2025-03-21,0.63,0.621,0.631,0.619,138385,8615384.0,1.9,-1.74,-0.011,7.58
2025-03-24,0.618,0.616,0.623,0.606,63004,3873159.0,2.74,-0.81,-0.005,3.45
2025-03-25,0.616,0.618,0.622,0.615,130857,8099041.0,1.14,0.32,0.002,7.17
2025-03-26,0.62,0.617,0.625,0.616,85853,5343184.0,1.46,-0.16,-0.001,4.7
2025-03-27,0.617,0.618,0.626,0.607,71927,4445950.0,3.08,0.16,0.001,3.94
2025-03-28,0.624,0.613,0.624,0.612,93254,5745560.0,1.94,-0.81,-0.005,5.11
2025-03-31,0.613,0.612,0.617,0.605,50720,3093651.0,1.96,-0.16,-0.001,2.78
2025-04-01,0.609,0.618,0.623,0.609,85224,5279990.0,2.29,0.98,0.006,4.67
2025-04-02,0.616,0.619,0.625,0.616,46131,2861615.0,1.46,0.16,0.001,2.53
2025-04-03,0.613,0.608,0.622,0.605,66431,4057576.0,2.75,-1.78,-0.011,3.64
2025-04-07,0.599,0.529,0.608,0.511,97638,5406032.0,15.95,-12.99,-0.079,5.35
2025-04-08,0.532,0.541,0.554,0.531,107107,5779879.0,4.35,2.27,0.012,5.87
2025-04-09,0.54,0.555,0.565,0.515,102967,5673140.0,9.24,2.59,0.014,5.64
2025-04-10,0.56,0.571,0.581,0.56,106654,6109562.0,3.78,2.88,0.016,5.84
2025-04-11,0.57,0.588,0.594,0.561,150340,8802968.0,5.78,2.98,0.017,8.24
2025-04-14,0.592,0.592,0.598,0.589,141161,8384828.0,1.53,0.68,0.004,7.74
2025-04-15,0.592,0.59,0.592,0.585,46856,2757254.0,1.18,-0.34,-0.002,2.57
2025-04-16,0.591,0.586,0.591,0.577,72355,4220747.0,2.37,-0.68,-0.004,3.96
2025-04-17,0.581,0.59,0.595,0.581,57098,3377506.0,2.39,0.68,0.004,3.13
2025-04-18,0.586,0.591,0.594,0.586,84368,4979052.0,1.36,0.17,0.001,4.62
2025-04-21,0.591,0.602,0.602,0.588,93710,5613919.0,2.37,1.86,0.011,5.13
2025-04-22,0.601,0.599,0.603,0.594,192361,11526212.0,1.5,-0.5,-0.003,10.54
2025-04-23,0.601,0.6,0.604,0.597,134120,8046062.0,1.17,0.17,0.001,7.35
2025-04-24,0.601,0.593,0.601,0.59,131209,7802315.0,1.83,-1.17,-0.007,7.19
2025-04-25,0.592,0.593,0.596,0.587,80936,4789066.0,1.52,0.0,0.0,4.43
2025-04-28,0.593,0.589,0.593,0.587,62851,3702989.0,1.01,-0.67,-0.004,3.44
2025-04-29,0.593,0.595,0.597,0.592,81784,4862136.0,0.85,1.02,0.006,4.48
2025-04-30,0.594,0.597,0.599,0.593,78313,4675138.0,1.01,0.34,0.002,4.29
2025-05-06,0.598,0.615,0.615,0.598,144200,8804558.0,2.85,3.02,0.018,7.9
2025-05-07,0.616,0.615,0.625,0.61,87028,5367411.0,2.44,0.0,0.0,4.77
2025-05-08,0.611,0.619,0.622,0.611,66086,4083534.0,1.79,0.65,0.004,3.62
2025-05-09,0.615,0.608,0.616,0.605,63052,3842274.0,1.78,-1.78,-0.011,3.45
2025-05-12,0.608,0.616,0.618,0.608,52156,3207550.0,1.64,1.32,0.008,2.86
2025-05-13,0.619,0.61,0.621,0.61,48071,2951940.0,1.79,-0.97,-0.006,2.63
2025-05-14,0.61,0.611,0.616,0.608,83339,5095127.0,1.31,0.16,0.001,4.57
2025-05-15,0.612,0.603,0.612,0.603,48614,2941467.0,1.47,-1.31,-0.008,2.66
2025-05-16,0.603,0.603,0.609,0.601,47997,2906304.0,1.33,0.0,0.0,2.63
2025-05-19,0.601,0.604,0.604,0.594,79959,4804943.0,1.66,0.17,0.001,4.38
2025-05-20,0.602,0.604,0.605,0.6,75085,4527384.0,0.83,0.0,0.0,4.11
2025-05-21,0.608,0.608,0.61,0.602,61972,3759951.0,1.32,0.66,0.004,3.4
2025-05-22,0.607,0.598,0.611,0.597,51331,3092056.0,2.3,-1.64,-0.01,2.81
2025-05-23,0.605,0.593,0.605,0.591,52896,3149313.0,2.34,-0.84,-0.005,2.9
2025-05-26,0.593,0.595,0.598,0.59,128275,7610703.0,1.35,0.34,0.002,7.03
2025-05-27,0.593,0.594,0.596,0.589,106299,6305213.0,1.18,-0.17,-0.001,5.82
2025-05-28,0.596,0.592,0.596,0.591,31163,1846553.0,0.84,-0.34,-0.002,1.71
2025-05-29,0.593,0.6,0.601,0.592,115999,6913022.0,1.52,1.35,0.008,6.36
2025-05-30,0.599,0.592,0.599,0.591,74808,4452455.0,1.33,-1.33,-0.008,4.1
2025-06-03,0.592,0.595,0.596,0.589,17695,1050707.0,1.18,0.51,0.003,0.97
2025-06-04,0.598,0.597,0.6,0.595,60565,3617712.0,0.84,0.34,0.002,3.32
2025-06-05,0.598,0.602,0.603,0.595,47209,2829431.0,1.34,0.84,0.005,2.59
2025-06-06,0.603,0.604,0.605,0.602,126925,7664820.0,0.5,0.33,0.002,6.95
2025-06-09,0.606,0.613,0.613,0.605,55646,3398137.0,1.32,1.49,0.009,3.05
2025-06-10,0.612,0.604,0.614,0.6,86933,5261993.0,2.28,-1.47,-0.009,4.76
2025-06-11,0.609,0.61,0.613,0.608,53743,3284661.0,0.83,0.99,0.006,2.94
2025-06-12,0.616,0.612,0.616,0.607,53538,3268705.0,1.48,0.33,0.002,2.93
2025-06-13,0.612,0.606,0.613,0.605,86330,5264077.0,1.31,-0.98,-0.006,4.73
2025-06-16,0.607,0.606,0.608,0.603,67684,4098967.0,0.83,0.0,0.0,3.71
2025-06-17,0.61,0.605,0.61,0.603,63337,3837019.0,1.16,-0.17,-0.001,3.47
2025-06-18,0.607,0.606,0.608,0.6,26611,1607253.0,1.32,0.17,0.001,1.46
2025-06-19,0.608,0.602,0.612,0.599,60391,3646395.0,2.15,-0.66,-0.004,3.31
2025-06-20,0.609,0.601,0.61,0.601,58682,3547269.0,1.5,-0.17,-0.001,3.22
2025-06-23,0.593,0.61,0.613,0.593,59298,3608754.0,3.33,1.5,0.009,3.25
2025-06-24,0.607,0.63,0.63,0.607,98898,6154653.0,3.77,3.28,0.02,5.42
2025-06-25,0.629,0.638,0.638,0.629,131847,8340497.0,1.43,1.27,0.008,7.22
2025-06-26,0.642,0.635,0.644,0.634,118477,7556122.0,1.57,-0.47,-0.003,6.49
2025-06-27,0.637,0.634,0.642,0.634,34265,2183852.0,1.26,-0.16,-0.001,1.88
2025-06-30,0.634,0.644,0.645,0.634,54936,3528946.0,1.74,1.58,0.01,3.01
2025-07-01,0.649,0.648,0.65,0.641,116010,7509215.0,1.4,0.62,0.004,6.36
2025-07-02,0.647,0.64,0.647,0.638,118238,7576106.0,1.39,-1.23,-0.008,6.48
2025-07-03,0.646,0.645,0.647,0.637,66357,4253524.0,1.56,0.78,0.005,3.64
2025-07-04,0.646,0.636,0.646,0.634,81899,5223486.0,1.86,-1.4,-0.009,4.49
2025-07-07,0.639,0.636,0.64,0.634,69305,4424312.0,0.94,0.0,0.0,3.8
2025-07-08,0.637,0.642,0.646,0.636,54442,3499248.0,1.57,0.94,0.006,2.98
2025-07-09,0.644,0.639,0.644,0.637,45686,2923969.0,1.09,-0.47,-0.003,2.5
2025-07-10,0.639,0.638,0.643,0.634,31983,2042522.0,1.41,-0.16,-0.001,1.75
2025-07-11,0.636,0.64,0.644,0.634,61608,3942721.0,1.57,0.31,0.002,3.38
2025-07-14,0.64,0.644,0.645,0.64,30375,1953692.0,0.78,0.63,0.004,1.66
2025-07-15,0.647,0.639,0.65,0.635,96711,6216531.0,2.33,-0.78,-0.005,5.3
2025-07-16,0.639,0.638,0.643,0.638,126893,8119693.0,0.78,-0.16,-0.001,6.95
2025-07-17,0.64,0.649,0.649,0.64,67374,4344387.0,1.41,1.72,0.011,3.69
2025-07-18,0.651,0.651,0.656,0.648,78547,5111225.0,1.23,0.31,0.002,4.3
2025-07-21,0.651,0.653,0.654,0.648,63033,4104970.0,0.92,0.31,0.002,3.45
2025-07-22,0.654,0.66,0.663,0.652,133479,8808930.0,1.68,1.07,0.007,7.31
2025-07-23,0.665,0.659,0.665,0.655,85652,5647792.0,1.52,-0.15,-0.001,4.69
2025-07-24,0.655,0.668,0.669,0.655,79472,5289322.0,2.12,1.37,0.009,4.35
2025-07-25,0.668,0.674,0.676,0.666,107771,7230727.0,1.5,0.9,0.006,5.91
2025-07-28,0.675,0.683,0.684,0.671,76057,5173238.0,1.93,1.34,0.009,4.17
2025-07-29,0.68,0.692,0.692,0.68,82641,5676166.0,1.76,1.32,0.009,4.53
2025-07-30,0.691,0.681,0.692,0.676,125675,8612167.0,2.31,-1.59,-0.011,6.89
2025-07-31,0.681,0.669,0.688,0.668,99469,6733833.0,2.94,-1.76,-0.012,5.45
2025-08-01,0.669,0.671,0.677,0.667,58927,3957897.0,1.49,0.3,0.002,3.23
2025-08-04,0.667,0.677,0.679,0.663,195803,13085553.0,2.38,0.89,0.006,10.73
2025-08-05,0.677,0.682,0.684,0.676,85079,5790307.0,1.18,0.74,0.005,4.66
2025-08-06,0.683,0.691,0.692,0.68,82680,5687040.0,1.76,1.32,0.009,4.53
2025-08-07,0.693,0.687,0.693,0.683,218397,15022311.0,1.45,-0.58,-0.004,11.97
2025-08-08,0.685,0.683,0.685,0.68,96965,6613082.0,0.73,-0.58,-0.004,5.31
2025-08-11,0.682,0.695,0.699,0.682,108336,7526311.0,2.49,1.76,0.012,5.94
2025-08-12,0.695,0.694,0.696,0.685,86928,6000133.0,1.58,-0.14,-0.001,4.76
2025-08-13,0.692,0.713,0.714,0.692,199358,14132796.0,3.17,2.74,0.019,10.92
2025-08-14,0.713,0.696,0.716,0.694,147279,10331928.0,3.09,-2.38,-0.017,8.07
2025-08-15,0.694,0.72,0.72,0.693,176545,12569889.0,3.88,3.45,0.024,9.67
2025-08-18,0.723,0.747,0.747,0.723,207737,15276236.0,3.33,3.75,0.027,11.38
2025-08-19,0.74,0.736,0.742,0.729,201394,14827629.0,1.74,-1.47,-0.011,11.04
2025-08-20,0.736,0.744,0.745,0.723,87569,6424989.0,2.99,1.09,0.008,4.8
2025-08-21,0.746,0.733,0.749,0.728,165222,12173756.0,2.82,-1.48,-0.011,9.05
2025-08-22,0.733,0.758,0.76,0.733,176521,13196364.0,3.68,3.41,0.025,9.67
2025-08-25,0.786,0.766,0.786,0.755,228759,17512347.0,4.09,1.06,0.008,12.54
2025-08-26,0.76,0.763,0.771,0.756,136432,10445987.0,1.96,-0.39,-0.003,7.48
2025-08-27,0.764,0.748,0.779,0.748,193725,14780733.0,4.06,-1.97,-0.015,10.62
2025-08-28,0.748,0.769,0.77,0.742,154195,11654001.0,3.74,2.81,0.021,8.45
2025-08-29,0.772,0.777,0.778,0.755,140913,10821374.0,2.99,1.04,0.008,7.72
2025-09-01,0.78,0.79,0.791,0.774,113037,8869608.0,2.19,1.67,0.013,6.19
2025-09-02,0.79,0.774,0.795,0.766,116988,9091807.0,3.67,-2.03,-0.016,6.41
2025-09-03,0.772,0.76,0.78,0.757,104652,8032196.0,2.97,-1.81,-0.014,5.73
2025-09-04,0.762,0.735,0.774,0.721,151665,11290437.0,6.97,-3.29,-0.025,8.31
2025-09-05,0.739,0.78,0.782,0.728,161371,12374677.0,7.35,6.12,0.045,8.84
2025-09-08,0.787,0.804,0.805,0.782,191712,15185305.0,2.95,3.08,0.024,10.5
2025-09-09,0.804,0.79,0.804,0.786,139093,11072932.0,2.24,-1.74,-0.014,7.62
2025-09-10,0.786,0.789,0.8,0.776,115488,9126488.0,3.04,-0.13,-0.001,6.33
2025-09-11,0.789,0.819,0.82,0.778,140578,11322184.0,5.32,3.8,0.03,7.7
2025-09-12,0.816,0.813,0.822,0.806,115462,9403461.0,1.95,-0.73,-0.006,6.33
2025-09-15,0.815,0.807,0.819,0.807,76740,6231084.0,1.48,-0.74,-0.006,4.21
2025-09-16,0.812,0.807,0.812,0.795,103173,8280422.0,2.11,0.0,0.0,5.65
2025-09-17,0.807,0.812,0.816,0.798,107866,8735973.0,2.23,0.62,0.005,5.91
2025-09-18,0.812,0.812,0.831,0.794,261712,21318565.0,4.56,0.0,0.0,14.34
2025-09-19,0.81,0.81,0.825,0.805,141216,11520364.0,2.46,-0.25,-0.002,7.74
2025-09-22,0.81,0.811,0.813,0.801,467456,37802281.0,1.48,0.12,0.001,25.61
2025-09-23,0.811,0.814,0.817,0.788,580659,46499033.0,3.58,0.37,0.003,31.82
2025-09-24,0.812,0.86,0.862,0.795,344948,28812586.0,8.23,5.65,0.046,18.9
2025-09-25,0.854,0.859,0.868,0.851,130136,11186658.0,1.98,-0.12,-0.001,7.13
2025-09-26,0.854,0.853,0.866,0.849,111124,9499279.0,1.98,-0.7,-0.006,6.09
2025-09-29,0.853,0.874,0.875,0.853,121513,10518062.0,2.58,2.46,0.021,6.66
2025-09-30,0.87,0.888,0.893,0.87,77918,6911456.0,2.63,1.6,0.014,4.27
2025-10-09,0.899,0.927,0.932,0.899,153995,14171949.0,3.72,4.39,0.039,8.44
2025-10-10,0.907,0.88,0.927,0.871,307123,27236809.0,6.04,-5.07,-0.047,16.83
2025-10-13,0.833,0.887,0.895,0.832,107384,9301306.0,7.16,0.8,0.007,5.88
2025-10-14,0.894,0.856,0.899,0.85,181633,15874902.0,5.52,-3.49,-0.031,9.95
2025-10-15,0.852,0.857,0.858,0.835,132645,11208050.0,2.69,0.12,0.001,7.27
2025-10-16,0.854,0.837,0.854,0.834,93096,7853505.0,2.33,-2.33,-0.02,5.1
2025-10-17,0.836,0.802,0.843,0.801,119545,9776812.0,5.02,-4.18,-0.035,6.55
2025-10-20,0.812,0.807,0.824,0.8,83007,6732546.0,2.99,0.62,0.005,4.55
2025-10-21,0.81,0.822,0.824,0.806,127552,10423947.0,2.23,1.86,0.015,6.99
2025-10-22,0.822,0.817,0.822,0.805,99468,8114140.0,2.07,-0.61,-0.005,5.45
2025-10-23,0.815,0.816,0.817,0.795,96570,7769754.0,2.69,-0.12,-0.001,5.29
2025-10-24,0.82,0.841,0.842,0.817,97117,8090065.0,3.06,3.06,0.025,5.32
2025-10-27,0.854,0.853,0.866,0.844,139825,11961965.0,2.62,1.43,0.012,7.66
2025-10-28,0.855,0.862,0.87,0.846,227773,19639144.0,2.81,1.06,0.009,12.48
2025-10-29,0.86,0.88,0.88,0.856,172887,15068971.0,2.78,2.09,0.018,9.47
2025-10-30,0.874,0.867,0.882,0.864,140827,12281425.0,2.05,-1.48,-0.013,7.72
2025-10-31,0.866,0.85,0.876,0.849,145682,12560995.0,3.11,-1.96,-0.017,7.98
2025-11-03,0.847,0.839,0.849,0.816,128962,10704101.0,3.88,-1.29,-0.011,7.07
2025-11-04,0.837,0.825,0.842,0.818,67601,5609940.0,2.86,-1.67,-0.014,3.7
2025-11-05,0.817,0.831,0.834,0.811,67811,5564619.0,2.79,0.73,0.006,3.72
2025-11-06,0.835,0.848,0.85,0.835,96482,8158672.0,1.81,2.05,0.017,5.29
2025-11-07,0.848,0.857,0.864,0.835,101978,8692056.0,3.42,1.06,0.009,5.59
2025-11-10,0.855,0.853,0.869,0.847,109415,9380546.0,2.57,-0.47,-0.004,6.0
2025-11-11,0.855,0.863,0.868,0.855,122511,10565534.0,1.52,1.17,0.01,6.71
2025-11-12,0.853,0.842,0.855,0.834,103129,8678117.0,2.43,-2.43,-0.021,5.65
2025-11-13,0.842,0.869,0.882,0.842,227125,19758067.0,4.75,3.21,0.027,12.45
2025-11-14,0.865,0.863,0.873,0.857,103260,8955469.0,1.84,-0.69,-0.006,5.66
2025-11-17,0.866,0.875,0.884,0.866,127367,11120589.0,2.09,1.39,0.012,6.98
2025-11-18,0.873,0.851,0.874,0.846,103663,8857057.0,3.2,-2.74,-0.024,5.68
2025-11-19,0.854,0.843,0.86,0.838,101654,8606115.0,2.59,-0.94,-0.008,5.57
2025-11-20,0.85,0.831,0.855,0.829,58164,4876904.0,3.08,-1.42,-0.012,3.19
2025-11-21,0.827,0.786,0.83,0.786,123880,9889647.0,5.29,-5.42,-0.045,6.79
2025-11-24,0.787,0.8,0.806,0.787,64531,5145569.0,2.42,1.78,0.014,3.54
2025-11-25,0.806,0.811,0.82,0.801,74133,6032369.0,2.38,1.38,0.011,4.06
2025-11-26,0.812,0.806,0.816,0.803,72710,5887792.0,1.6,-0.62,-0.005,3.98
2025-11-27,0.801,0.814,0.825,0.801,106180,8679094.0,2.98,0.99,0.008,5.82
2025-11-28,0.809,0.825,0.83,0.806,59087,4857734.0,2.95,1.35,0.011,3.24
2025-12-01,0.826,0.828,0.832,0.821,39873,3290123.0,1.33,0.36,0.003,2.18
2025-12-02,0.828,0.815,0.828,0.812,18850,1542191.0,1.93,-1.57,-0.013,1.03
2025-12-03,0.814,0.803,0.817,0.797,56582,4554422.0,2.45,-1.47,-0.012,3.1
2025-12-04,0.804,0.805,0.806,0.792,32310,2588786.0,1.74,0.25,0.002,1.77
2025-12-05,0.805,0.812,0.813,0.795,33642,2715252.0,2.24,0.87,0.007,1.84
2025-12-08,0.814,0.823,0.827,0.814,26050,2142516.0,1.6,1.35,0.011,1.43
2025-12-09,0.823,0.818,0.828,0.817,59640,4907151.0,1.34,-0.61,-0.005,3.27
2025-12-10,0.818,0.818,0.822,0.809,55657,4538097.0,1.59,0.0,0.0,3.05
2025-12-11,0.823,0.814,0.825,0.812,56131,4592932.0,1.59,-0.49,-0.004,3.08
2025-12-12,0.811,0.834,0.834,0.807,84960,6995610.0,3.32,2.46,0.02,4.66
2025-12-15,0.832,0.823,0.84,0.823,49265,4089884.0,2.04,-1.32,-0.011,2.7
2025-12-16,0.819,0.805,0.819,0.797,99798,8033101.0,2.67,-2.19,-0.018,5.47
